auau2014D0CorV2.root
============Hadron v2 ...=========================
centrality				hadron v2				hadron v2 stat.error
[70,80]				0.0635036				8.01851e-05
[60,70]				0.0683294				3.36211e-05
[50,60]				0.0737793				1.80589e-05
[40,50]				0.0762927				1.24683e-05
[30,40]				0.073605				9.67838e-06
[20,30]				0.0646833				7.89129e-06
[10,20]				0.0491741				6.6708e-06
[5,10]				0.0341675				9.46341e-06
[0,5]				0.0238024				1.16179e-05
============Start to fit signal....=========================
pT bin				#signal						#candidate
0				6749.82+/-895.482						350616+/-565.28
1				21468.4+/-694.427						378672+/-583.984
2				19878.5+/-397.116						89012.7+/-288.329
3				25269.6+/-315.15						85024.3+/-278.167
4				15881.1+/-187.585						30823.7+/-174.058
5				11903.6+/-146.424						18994.7+/-134.986
6				6991.21+/-104.423						9912.4+/-97.8377
7				4034.84+/-79.7241						5617.27+/-73.9759
8				3949.77+/-79.2126						5430.11+/-72.8527
9				3062.02+/-74.1533						4396.74+/-65.5231
============Foregroundd V2  ...=========================
pT				Foreground v2				stat.error
0.306052				-0.000123436				0.000112661
0.730406				-0.000562842				0.000105676
1.24813				5.28259e-05				0.000222921
1.74109				0.00294387				0.000233487
2.23172				0.00414057				0.00036493
2.72357				0.00545519				0.000486571
3.22348				0.00660169				0.000669502
3.72624				0.00491232				0.000903833
4.3982				0.00368023				0.000980875
5.93245				0.00299032				0.0012593
============Background V2  ...=========================
pT				Background v2				stat.error
0.306052				-0.000118843				5.26134e-05
0.730406				-0.000769087				5.05433e-05
1.24813				0.000144896				0.000117118
1.74109				0.00256661				0.000129053
2.23172				0.00458817				0.000246544
2.72357				0.0052367				0.000396674
3.22348				0.0054923				0.00066449
3.72624				0.00574292				0.00109191
4.3982				0.00425344				0.00124164
5.93245				0.00409079				0.00168249
============D0 v2  ...=========================
pT				D0 v2				D0 v2 stat.error
0.306052				-0.000357394				0.00643682
0.730406				0.00286878				0.00204829
1.24813				-0.000267381				0.00107814
1.74109				0.00383598				0.000842962
2.23172				0.00371942				0.000745402
2.72357				0.00558535				0.000811611
3.22348				0.00706524				0.000989422
3.72624				0.00458656				0.00132947
4.3982				0.0034654				0.00142666
5.93245				0.00251063				0.00195182
====================Systematics Uncertainty=====================
pT:				YieldSys				Bkg. Sys.				Tot. Sys
0				4.59486e-05				0.00408786				0.00408812
1				4.27459e-05				0.00121716				0.00121791
2				0.000315107				0.000454254				0.000552846
3				2.95077e-06				0.000295699				0.000295713
4				5.47938e-06				0.000296124				0.000296174
5				1.32104e-06				0.000137571				0.000137578
6				6.99201e-06				0.0005053				0.000505348
7				2.4434e-05				0.00115479				0.00115505
8				2.19705e-05				0.00147077				0.00147093
9				3.80231e-05				0.00233612				0.00233643
